1193
3408
2355
1287
2804
594
919
595
938
2398
2918
1035
2791
2018
3105
2797
1270
527
48
1097
1721
1545
2294
3186
1566
588
1907
783
1836
1022
2762
150
1
1961
1962
2692
260
1028
1029
1207
2028
531
3114
608
1246
1357
3068
1537
2194
648
2268
3468
1210
3578
3030
3035
1610
2236
3071
368
1259
3147
1544
1293
1188
3255
110
1834
3471
589
1945
982
1873
2858
1225
515
265
480
1442
2067
1370
2353
3334
590
1196
736
1198
593
2571
2396
1953
1954
1955
1124
1957
163
380
2501
349
457
1096
920
1527
3418
3451
3095
2002
1784
2943
318
356
1247
3421
1394
104
2735
1079
1615
1291
653
2167
1049
552
1266
733
1197
1378
1379
3552
1304
2470
3168
3671
2006
2871
2115
1968
1136
2081
2951
1214
1036
3702
2366
1387
1201
2947
1240
2987
2333
1175
2337
1535
1392
866
2770
1759
506
1250
509
41
2997
2700
296
728
2560
1046
50
1192
377
3083
2427
2289
162
3016
3163
2291
1635
2723
1921
2580
896
176
1715
1649
1213
2599
2959
908
1580
1729
2890
2029
551
1513
2318
1517
1089
3260
913
1730
1449
1732
2390
1734
3267
2395
994
1885
348
2323
29
562
1095
1529
2908
32
1897
1171
34
714
2406
1101
3717
1030
1688
364
3501
3072
3074
1043
597
383
1569
3604
2802
3534
3536
3753
838
1947
2966
266
17
3699
1441
1088
912
199
914
3624
1380
569
1674
3565
861
2916
6
442
1997
1573
474
1722
3256
1221
288
1466
1393
1682
650
151
1265
58
1840
1916
230
1120
1411
524
1701
1274
741
1704
1639
3528
465
2442
73
3246
105
253
3107
1653
111
3259
1589
14
337
16
269
555
3265
1735
3481
2686
24
25
2329
1673
1678
1027
2699
36
3793
720
47
1617
2278
223
3298
300
1777
529
745
1923
1060
1358
3751
2302
1500
1148
2166
3253
1584
1223
3623
778
1307
2324
2622
3358
1756
2125
2054
1253
3500
1257
1831
3363
587
1690
3296
2496
2497
2
2498
7
2133
2135
3948
2136
2137
1408
802
1409
1339
1269
2640
592
2716
2717
596
3447
2140
2072
1271
2078
1278
3386
2657
316
317
248
2080
1282
1356
750
2087
1286
2662
3466
2300
329
3034
3108
2161
3037
2090
3039
902
830
2093
904
2094
1292
2096
1294
765
2746
1009
1948
2312
339
2316
1371
2174
1372
1374
1375
915
1376
916
918
2826
1016
1019
3489
1959
344
2321
275
2252
780
926
1023
1025
2693
1967
351
282
357
2405
2407
2336
2193
1031
1104
1032
435
292
367
943
3723
1042
2423
2424
3155
3086
3087
953
954
3809
3591
2863
3593
1125
520
3668
1127
1129
1059
2431
62
1633
2436
3097
3812
2000
963
2001
1200
2003
2005
1204
2872
3675
898
2009
2874
899
1135
2948
539
2371
3247
3174
3175
2375
971
2011
2012
2015
1215
1073
541
542
543
2453
2529
1654
1583
3189
1586
2021
1220
1080
2967
2968
1084
3194
2393
2100
2399
1302
1230
2105
1233
2108
1234
2109
2617
3347
203
1676
208
2111
2040
3928
2043
1243
2046
2047
2049
1753
216
663
3448
2076
246
1288
3608
764
333
2683
345
3129
2766
3148
1546
2282
2795
3160
1563
3178
88
481
2539
1244
3897
923
858
3658
1303
999
1331
1262
3479
421
2370
1263
2731
3033
2920
3081
141
3798
2706
2707
2490
1909
2567
3005
805
3510
161
1422
3461
832
3113
2694
1892
3499
1396
2840
2841
500
1619
1625
1487
2433
3176
2389
553
628
1804
1805
2394
1597
1092
1810
1672
2572
2724
2581
2761
2369
2975
1179
2553
1185
3503
3006
3879
3375
235
164
1343
3527
319
247
1284
2660
2661
2664
2311
2173
198
2752
3700
924
3701
3703
2901
3704
30
428
3713
2912
3576
293
3070
1614
942
446
3156
2287
2288
3300
454
3745
968
1206
1069
76
2377
2010
3827
610
1077
2527
2455
1594
1301
707
3417
2542
1748
3927
2116
2117
2985
2989
2628
1683
2993
586
158
2139
2573
302
232
2141
2143
1275
313
249
2082
2083
2085
2089
2739
3396
3397
3398
3399
10
261
262
2248
412
1956
26
3633
3635
1960
3639
2764
3494
353
1033
44
2414
940
1702
969
1711
1643
2019
616
3252
475
1587
2020
3269
1094
2616
1242
1321
3863
2991
1258
2638
1407
1261
2644
1918
1772
2648
165
1277
1350
330
2687
785
3638
2836
420
1982
3082
2860
3596
1994
2502
3744
2949
1645
2376
3752
1219
2454
3264
2976
2641
1912
70
3000
2800
3868
3869
585
2064
2138
671
818
3526
678
180
1799
910
2249
771
1884
3052
2189
784
429
2265
1391
2195
1034
2348
1047
3660
3661
1205
532
81
1222
3698
485
2391
95
3917
1747
1249
3505
3435
1267
2712
3952
2148
674
2726
3104
3032
2160
196
911
1958
21
1965
39
2917
45
52
3740
1218
2528
2600
3770
1306
493
3786
3424
3361
153
2132
303
2144
2145
175
2301
1296
2671
2243
2245
1377
2757
425
2915
3210
2352
1057
468
3685
3254
1663
1090
2709
1917
688
2676
2253
546
2541
3502
3506
3360
1833
5
804
3441
168
2146
3101
252
3614
3543
1876
1457
852
3707
2906
1966
3206
2262
2409
1608
361
2411
2340
3584
511
3152
378
3308
3098
605
1640
74
3173
2447
3686
471
3257
118
3261
3263
2469
499
207
1248
1252
1180
1254
3364
2066
1276
3469
905
922
2186
930
947
951
3730
955
3683
1217
1237
2550
1285
906
3548
334
846
928
1224
1660
3102
2403
3062
3726
2944
3836
1085
3405
1176
3943
3949
3554
1041
1216
2544
3507
2208
3516
3524
3022
3028
3462
1937
1297
2747
933
440
3088
957
2935
3096
961
3690
3341
3556
3079
1208
3787
2554
581
1189
3362
2633
2565
2206
1333
2646
2647
2649
1340
2070
3019
2071
1344
1272
2650
2159
1792
903
3546
3110
2313
2178
2183
3498
3204
931
1103
431
508
949
2852
3735
3230
2941
1130
1061
3244
3682
1086
2467
1300
3844
3340
2612
3271
2118
2983
1680
2485
1835
222
2710
3450
11
2261
1100
2413
2416
1479
441
3594
2792
2794
2796
2432
1641
2888
550
1091
708
497
2478
3359
1251
2708
3365
154
3871
800
1264
2575
1419
1283
824
2088
2732
3467
2303
2238
2239
3549
1946
1949
2171
1013
2682
28
3566
1964
3060
945
2926
2932
3091
965
3681
2385
2969
1733
123
3852
1172
3788
647
1827
144
2058
3504
2702
229
1405
2065
1191
3512
1911
233
2722
3525
172
2155
256
1295
1299
3551
3480
2250
2763
788
1963
1603
2334
3066
2269
3712
2774
507
3213
3142
2418
2273
1476
3727
449
1485
3301
466
3821
2013
1147
1078
2023
3763
3697
556
2605
3196
2972
2973
2540
3785
236
3159
1183
2059
224
2677
1620
381
2506
1801
2772
86
2202
1927
3628
3643
2430
897
976
3755
3406
2471
2719
1658
2134
3519
1429
1518
1373
3555
2681
379
3802
3807
3758
2520
2530
2533
2034
2986
2961
2077
3612
3044
2846
1552
2297
1064
107
3251
1235
1821
3284
140
1186
909
691
1014
1894
289
2266
937
2779
46
371
2426
3099
3814
2443
3684
1226
2468
2473
3280
3939
1327
1347
1969
2338
1970
1971
1972
1973
1974
1975
1976
1977
1978
1979
366
1980
1981
1983
1984
1985
1986
891
1717
1644
2107
3273
599
901
3404
231
1797
1944
3629
2857
2946
1310
2344
1554
159
13
1952
1054
3741
89
494
3861
1337
3409
3617
3618
3553
3484
1895
2126
3020
3208
886
3274
517
3916
1177
571
718
3930
3932
1320
1184
724
3004
1334
1190
661
1268
735
1199
3018
1345
1279
2154
1425
1280
829
3100
2232
2091
2165
1290
1365
766
697
3045
2322
1522
1459
3063
3067
1395
799
1611
3078
2349
1621
3153
1480
950
3307
3092
2363
1498
893
2517
100
3249
3179
1648
2450
3326
2459
3266
3198
3342
2613
3270
3285
1754
1686
1687
148
3509
2639
1693
1769
1913
2718
1845
307
1779
2728
173
177
3600
3605
3464
3393
322
2598
326
184
259
188
3476
190
193
18
268
3620
3550
2750
1950
3557
341
22
1888
272
3708
280
281
35
358
3571
2919
501
432
290
2851
3654
513
2787
2789
448
1991
521
2867
522
456
3747
3676
2875
538
1211
1212
2952
2956
617
3693
482
94
3918
2106
1305
2038
561
492
2112
3926
2114
3873
2150
3049
2788
3250
3672
2359
3728
3794
3429
3694
1228
2033
2124
2057
3893
1298
695
2176
2184
2364
2365
3328
2463
1590
1694
2725
2668
2744
342
392
2025
2891
1231
900
3134
3061
3224
3089
959
1935
3545
2670
3808
3811
3816
1066
615
3911
986
2583
350
60
2045
3882
3646
3789
1256
2130
2069
3011
2212
3015
1414
2079
1281
848
1450
929
3200
3201
2331
1463
2341
2272
960
3317
1727
3330
3197
2472
3350
3508
1914
2729
1931
1934
1938
254
185
3613
2819
2820
279
3706
3634
3729
2782
1050
2939
2940
1203
2870
1209
82
1082
3841
1161
630
1099
3929
1245
3007
2310
2596
2759
1416
2913
9
2421
3157
1562
2803
2815
434
2950
3167
973
1939
277
2929
3112
3069
2690
2439
321
40
476
43
2979
1432
1093
1187
3124
3864
3889
692
2170
112
3438
3439
3444
1858
2808
1883
1037
2357
575
577
2123
2052
2053
8
801
673
2152
1359
2162
837
1460
1474
1551
2354
2429
1489
885
1707
1713
1582
1588
3400
1806
2392
1592
2555
2559
1919
1848
239
2720
1920
181
258
19
3483
1015
2828
1018
1021
609
2953
87
558
700
2036
631
709
1446
2457
3452
3783
2384
3282
2499
3606
1794
1871
417
1024
298
2017
84
2971
568
2024
1178
1260
1348
978
2921
2924
3742
2879
3316
3185
1762
3513
2629
2734
2861
3324
3826
3914
754
2701
1760
54
145
2927
3896
786
2190
1390
3141
2582
257
370
373
63
2880
2881
2073
921
514
1238
2084
3040
1381
1461
2606
1951
2990
2476
534
2203
3870
2204
907
2314
936
944
946
1596
1929
1936
1940
2904
3724
3736
2936
2937
2899
3615
3825
3936
3946
1438
849
1385
2402
2404
2412
2524
3268
3440
2642
1011
360
376
71
748
2153
836
1616
1591
2549
15
533
393
3053
3219
3029
3384
2210
3370
1925
1942
3938
3521
2098
932
2231
2280
1542
1860
477
3895
3238
3354
2672
2099
1012
1017
455
611
694
2188
1388
157
2907
1995
2122
2149
3024
2097
2328
2401
2519
2451
3403
2531
2532
2615
2634
2635
2645
2652
1924
2665
251
273
3491
3659
3806
1999
1083
941
892
1689
2806
413
2876
3934
2327
2346
382
3919
737
1352
3109
3111
3051
934
948
2420
101
1807
1661
996
225
3529
1783
2741
2745
2688
3497
2928
2866
1227
3849
3125
1650
490
1415
1684
2721
1879
1063
390
715
2561
3515
3518
3784
3132
3073
1404
1472
1627
1647
2387
1662
384
3937
3366
645
574
649
668
1354
1509
1366
3211
1543
1719
3182
117
3416
3423
3426
1900
306
194
2696
2697
3819
535
97
312
69
2883
3760
3791
3064
1477
1624
129
1670
2546
218
3436
1841
2827
3579
3824
2882
491
3719
1289
2181
1464
2356
2361
3094
3412
1699
242
1932
3538
3473
1111
372
3813
2004
2877
549
3910
3859
3
3203
1488
2360
213
1859
3764
206
1856
3539
3679
3766
3535
3801
3135
935
2378
3420
3292
2570
2942
3834
1081
2110
3853
760
340
808
2142
2147
2086
2335
798
2410
952
1703
2367
1726
1731
3430
3433
2494
227
3385
2805
3394
2669
408
1882
1020
423
426
3585
512
3678
548
3768
3846
2041
2048
3117
1516
3055
2259
787
3077
2611
3275
2621
1785
2730
320
2594
3477
3625
346
3567
3718
363
1112
2859
3733
464
3903
2893
3858
759
2240
3169
314
171
299
3103
1502
1605
1539
1541
1629
3302
2518
1593
125
2482
215
1904
3540
3581
68
1202
3831
1236
839
325
274
3908
3415
3470
3874
1353
779
2558
2749
3036
1367
2247
2295
3199
209
3422
2574
1788
2905
352
639
1812
3598
2988
3860
2068
1273
670
1361
2330
991
3357
214
308
523
3746
602
3823
83
85
2022
3925
3177
2996
1255
1355
2656
2666
2035
3921
3922
3924
1613
984
3262
3478
3705
3673
2014
1401
876
2372
3327
2474
3511
1930
255
1943
3475
659
3002
3872
1194
669
3951
680
3038
2180
854
3075
2351
2285
3090
2512
1572
970
3329
3188
3192
2488
3379
1922
3456
2659
1933
183
3547
2824
3559
2830
3720
3655
1131
1132
3680
99
2970
1232
3127
851
3145
2271
2504
3425
3281
2590
410
42
1044
2408
3388
3391
3715
3144
3076
1926
1010
3235
170
31
479
1169
3093
2475
3649
2419
2995
2428
2102
573
2994
4
3008
803
753
685
2168
3115
3118
3128
781
1465
1397
1399
1547
1482
2434
2437
3241
3320
1725
1728
987
2610
1811
1816
205
2493
2711
301
2801
182
187
2678
2689
271
1896
3711
365
369
1119
57
388
461
72
613
2963
621
483
409
1431
2320
3457
1866
2276
3150
2626
1875
3877
237
3453
3454
3743
717
3867
3796
3950
1342
3886
2305
767
774
3054
1606
2263
2264
3146
2425
3158
2284
880
2505
2513
3245
3181
2602
2607
2609
1741
2624
2625
2483
2630
1844
2579
2654
2585
241
2587
3532
1795
1796
328
267
20
1891
2768
2769
2844
362
516
518
2938
525
458
67
3822
80
3902
627
92
93
488
3915
2103
632
635
565
495
315
1007
1468
1398
1550
1744
2597
2822
276
27
295
450
473
3162
1666
1874
2829
3901
719
879
2714
1854
186
1128
2889
2026
2307
414
2129
3947
149
1667
160
502
3149
240
3627
1427
1515
917
1523
2999
2060
3046
1317
2151
2241
3120
2255
1526
2345
3161
1632
1564
2374
119
3387
3622
2685
3496
537
3688
2042
1484
451
1076
3138
2380
1665
135
570
662
1533
1483
3187
1585
1664
998
3272
1910
263
1051
1150
3355
835
3050
2839
2771
3851
3857
1508
761
3047
927
3217
3221
988
128
3749
77
2897
3854
1173
1423
844
3215
1471
3222
3171
116
3371
1941
3586
2435
1880
3487
3599
467
2856
1346
2456
405
438
2347
2325
1870
2751
1126
3243
536
1363
3248
195
453
486
2373
2458
1824
2900
3761
1646
126
2120
3933
2121
2992
1329
3013
3017
742
3021
2163
841
842
1655
2462
2614
3351
2651
2655
1862
3572
2780
2781
2784
3732
3837
3696
3840
3923
1241
2119
3339
2388
3569
755
3544
3474
338
427
1496
3304
1743
1695
3514
2736
3677
1454
3121
3286
2793
1002
3372
2095
3738
1058
3674
1499
1755
250
3865
122
3446
1123
681
1332
3838
3839
3898
2812
336
547
3133
3310
1889
1631
2279
3225
1822
3299
355
2978
2925
2219
2182
2817
3289
1162
606
722
3894
1428
1384
3338
2673
2843
1039
375
2933
3855
324
1351
1511
2175
1600
1601
2267
3318
1651
3183
993
997
2620
422
424
1053
463
2885
1067
3414
3769
3662
309
2810
291
49
3725
504
1362
327
580
2315
3258
1749
1750
1855
332
419
124
1410
2339
2296
1005
2016
637
1008
583
806
1413
2293
1677
2551
228
191
354
725
2169
3276
3616
2965
2516
1771
3709
603
2922
201
147
294
459
881
2548
2713
3773
807
204
3653
156
96
1798
3935
1341
2460
2465
2740
2754
3637
3692
3843
974
3640
1068
1152
2618
106
1809
705
1758
2507
1863
2027
1865
3739
1003
2157
3293
2849
2865
1167
3577
2074
3771
2007
2568
3790
2663
407
3490
2847
2848
1114
3832
2898
2128
132
152
2785
813
2492
1473
3945
743
2275
234
619
1581
174
65
747
3048
2884
3912
711
1328
519
578
3410
2495
2931
2911
3892
3143
3368
2481
2201
406
1656
3214
1421
1857
1312
1000
331
2448
2379
3014
2286
2667
626
809
810
2306
3345
3710
387
3774
1382
3459
3010
1412
462
121
2050
2051
1602
1837
2031
3795
1902
1893
3920
1475
2446
436
444
305
2586
37
665
3428
2738
3900
2056
2062
1417
2131
3445
2896
1447
3626
433
2511
78
3765
1903
2491
510
3287
2381
2382
3392
505
217
1899
2894
2158
3737
731
210
2816
416
3689
3691
487
1752
1004
12
1996
66
564
2211
2227
2256
1817
2643
2862
1330
2177
2179
875
2523
3395
2753
3734
2790
2044
762
3632
472
1609
3401
1336
155
2748
1612
2837
956
1867
3139
3314
3434
1445
2799
1881
3848
638
1525
2075
3137
3759
1406
469
1791
1549
1571
2627
2164
2461
3731
3587
3862
3140
484
343
1026
374
3754
347
1389
3106
2055
3025
964
990
3610
3520
2037
667
304
544
3389
3590
2674
2873
136
2704
3232
3449
3714
3325
1657
1623
2902
23
202
211
1117
2577
167
3531
2773
385
3803
2593
2760
2415
1696
2864
3830
831
2397
137
178
2733
2756
3716
3575
3776
3799
888
103
3670
2290
1440
415
3647
2727
2422
2589
2061
1780
2185
2187
1598
1626
3835
640
3564
2778
61
2205
734
2215
2417
958
3239
1493
2675
1151
496
3306
1793
2767
3570
3431
2251
3309
3695
3588
1668
3495
3880
877
2500
359
2092
310
2798
2445
1113
3165
2479
1681
2807
2196
3240
270
3805
3562
2104
55
2244
1456
3913
2691
2813
2842
3319
2538
3537
3568
3427
443
1642
2637
3781
792
3218
3223
3402
3800
3850
3875
850
2362
2521
3333
2535
3346
166
503
3909
2981
278
863
1056
220
1987
2113
335
2515
1992
3611
3669
840
2383
2552
3775
3792
452
3154
2934
3043
1679
418
1102
2008
394
746
1153
1154
702
1494
3797
3602
3482
2522
2536
79
2260
3126
498
3878
3780
2237
1174
1898
108
612
1767
3597
2192
1669
2545
59
1595
1864
1369
2653
3833
1149
189
1163
1087
3492
3810
1453
867
102
598
563
729
2063
758
245
264
2825
3636
283
2850
1116
682
1504
2503
1570
2557
2705
53
925
3122
2998
862
1906
962
3580
600
540
146
828
1829
3031
2566
3619
3847
833
2209
3003
967
3486
3335
1006
751
1138
2342
2923
3542
1604
1458
1846
2869
1038
712
3657
1507
64
1692
2400
980
2562
3931
3205
1168
445
2283
1887
3056
1861
401
870
1503
2350
38
2221
389
3131
3884
776
1850
447
1144
2892
3845
1164
633
864
1575
3349
2758
3756
1565
3885
219
3294
1567
3305
238
3883
1814
3380
811
860
2440
3419
2632
3645
3888
823
2441
1671
3311
716
2317
869
2242
1877
2831
2509
2977
2525
528
2101
3782
391
2526
3817
853
1556
2974
1872
3130
2449
2765
1349
2835
1746
3517
2984
3601
3906
2775
2514
1993
3303
397
3940
2257
782
430
297
489
1531
113
179
882
2945
197
3390
3644
1928
3085
3664
704
2578
1998
2197
2853
3331
1685
1839
710
1444
2487
3944
687
939
2299
212
656
2786
1520
2886
796
1988
2868
3941
3465
287
2855
3804
3665
1326
1335
664
2304
3313
3343
2715
2755
3573
3757
567
2982
1437
3641
2537
2962
1426
3437
2032
3523
2737
1534
3216
1825
1659
1773
2964
2464
3442
1869
3277
3295
557
1420
1497
1652
560
3190
169
2466
706
478
3721
2281
2878
696
386
2658
2444
2834
3353
2332
1770
2743
398
989
769
3136
3184
3288
2207
1739
192
2809
3367
2679
2477
1439
1599
3058
966
33
3942
3180
2510
3283
1313
1105
2930
3663
3057
2903
56
2156
3012
3887
3116
139
775
972
3595
1878
1915
2833
2292
2887
437
460
90
815
559
2569
1990
3042
526
3207
3041
1851
3866
789
3322
1830
114
3881
2777
3432
3443
1325
874
1055
3767
130
757
1787
566
1890
1455
1470
1490
1495
981
1675
1826
1886
470
2368
2955
3642
554
652
2386
679
2358
1901
3344
3777
3242
3381
1555
3818
3820
623
3609
2223
3233
985
2776
3172
1501
3065
1139
2127
732
2823
411
1121
1561
131
3533
2326
572
3905
2783
3488
2636
2623
3592
3236
1574
1486
396
1323
992
3828
3413
1316
1519
878
3648
