3186
1721
1270
1022
1836
3408
2804
1207
260
1193
919
608
2692
1961
2028
3105
938
1035
1962
1028
2018
150
1097
2797
1287
2762
1246
2918
531
3114
2791
1029
594
2398
1545
527
588
1
595
2355
783
2294
1566
1907
48
1198
1210
1293
2943
1225
318
2858
3030
1945
3095
593
3468
515
1873
2501
110
3035
2067
1247
3147
1357
1196
1957
920
1953
1834
3471
1259
1784
1954
3451
3578
3334
3068
265
590
3071
1955
2236
982
2194
1442
2268
3255
1096
1124
1188
1537
2396
356
589
2571
457
380
3418
480
163
1610
349
1527
2353
1370
648
368
2002
736
1544
1968
1266
1379
1378
3671
2871
3168
1197
1291
2167
1615
2006
733
653
2470
2115
1049
552
2735
1136
3421
1394
1304
1079
3552
104
2081
908
1250
2997
2908
2770
3016
2599
2959
2333
2580
2318
2390
913
2723
1513
2560
2395
2700
2337
2987
3083
1046
1213
296
1089
50
896
714
1192
994
176
2289
562
34
1730
162
1649
41
1175
728
2291
1449
1171
3163
3267
32
1529
1095
29
3260
1635
1734
866
2890
2323
1759
1535
1517
1885
1392
1732
1729
509
348
1715
377
506
1580
1921
1897
2427
551
2029
3072
912
3534
1043
17
1441
3699
1674
2802
1088
1101
3501
2406
569
2966
838
1688
199
364
1030
1380
914
3604
1947
266
383
3074
3753
3536
3624
3565
3717
1569
597
111
3481
1573
3265
2916
555
3107
1916
2699
3256
288
25
1265
1735
1639
1393
1704
2329
36
1466
16
2686
337
58
73
1673
1120
3246
1411
2442
1840
524
1678
14
1682
1653
650
253
1589
24
269
151
465
3259
230
1701
3528
105
1027
1274
741
3751
1221
1148
1307
3793
3623
3298
745
720
1617
1223
2324
47
1500
3253
1923
223
2166
1358
1584
778
1060
300
1777
2302
529
2278
764
543
3160
3148
1059
345
3178
481
1563
246
1546
2282
1244
1080
1288
2766
2174
3448
3608
2109
3129
2795
3809
2746
663
1753
2539
2683
333
216
88
2076
999
1303
3897
858
3658
923
1331
1356
1372
780
329
1204
1262
3479
1374
1127
2161
2370
2046
421
3033
2920
3081
1263
2731
1269
2572
2975
2369
3175
2761
2581
2394
2724
2752
1185
1614
1343
1997
3745
3510
3300
3879
541
1284
1069
942
30
3713
446
1408
293
428
235
3006
319
628
247
1594
1748
1179
2912
454
2321
2542
1214
2010
1200
3417
2660
3503
750
1240
1206
924
1215
3703
2664
2529
3527
2288
3576
1253
2553
1077
198
2662
2287
2117
2527
1301
2455
2661
968
1376
1129
3700
2140
1909
3701
2901
2407
3704
3070
3375
3827
76
2640
2093
3927
2105
2985
2011
2657
1019
2377
2021
2116
610
3156
316
2173
2311
164
707
2375
2616
902
1073
367
2087
2100
2872
2005
2628
1967
1702
2143
3489
2622
1654
2019
1242
1201
1387
969
2947
2000
3639
3635
2951
2948
2993
592
3633
1275
10
2989
353
2414
2193
292
2826
44
3494
940
3269
1587
158
2139
2137
2080
2078
596
3034
1282
1032
2096
2085
1025
313
1033
2089
2090
616
2141
3396
262
3397
586
3398
2083
2082
3399
1234
1396
2764
1711
1805
3247
2248
1956
2336
1960
1094
232
2020
2739
3108
3252
302
412
1271
475
1643
2573
249
3723
261
26
1683
1277
2991
2366
2949
3638
2001
1220
2376
1261
165
3082
3744
1722
1918
420
1036
1772
3596
2694
2717
2716
1407
2841
2860
3863
1350
1258
2648
2638
1219
1994
2644
1321
1982
1645
1339
330
2454
3264
1756
3461
2687
1278
2423
2976
2707
785
3174
3752
2502
2836
3948
70
1912
2641
1371
771
671
2138
2189
2348
1222
3526
2391
1047
1205
95
3661
3868
3869
2265
2064
2072
81
1747
3052
180
585
784
532
1391
2249
818
1676
3917
3660
1799
429
2195
485
678
1884
3698
1034
910
196
3000
1249
2160
3786
3952
2968
2054
2726
3435
2917
493
3104
1965
2600
3770
2528
1306
2009
3032
2012
1690
674
39
21
45
52
2108
1218
1267
1625
3505
911
1958
2712
3740
2148
2617
3424
2352
3039
2915
1663
2144
2243
3210
2301
2245
2145
3361
1090
953
1296
2132
1377
2671
3254
1057
468
1633
175
303
153
1230
3685
425
2757
1959
2253
2676
2709
2490
1917
546
688
2541
511
1966
2447
1640
161
3173
852
3263
1833
3257
2316
471
74
2469
2340
2146
252
168
207
118
3206
3543
7
1135
3707
3502
62
1608
378
1586
5
804
2906
3360
2312
3098
3101
3441
3308
3584
2411
3194
499
3261
3152
2409
3506
1084
1876
3614
3686
605
361
1457
2262
904
954
1224
3097
898
2550
846
3548
928
334
930
1285
906
1660
916
2544
3943
1041
1176
1216
3949
3554
957
3690
3507
3675
951
2135
961
3096
3022
947
3037
905
3088
2300
2747
1297
1937
357
3462
955
440
3516
933
2208
3363
2371
3028
1125
2935
3341
3524
3556
1208
3787
3079
474
3735
903
3362
3682
3340
2944
2633
431
2159
1092
2206
1344
1086
2070
3499
2313
2852
3102
3271
508
3386
2649
2646
2647
3844
2071
1130
3244
3230
1792
1340
3498
1300
2650
2178
2183
1333
2118
2565
1103
2941
3546
3110
1189
949
2612
3364
581
1272
931
3019
2983
3836
1061
3204
2467
2554
2432
441
11
3450
1641
3087
2710
3594
3591
2133
2261
2416
2413
1091
2792
2478
2796
2794
1680
539
222
587
2424
497
1835
339
708
550
1479
1100
2888
2485
2239
824
2682
1172
1217
3091
2926
1251
2732
3467
1949
2969
3788
154
1013
1946
3871
971
1294
1292
2238
1283
3681
3365
899
945
2863
2303
918
3549
2088
1252
965
1264
2575
123
3359
800
1964
1419
2932
3060
3566
3852
28
2708
915
2171
1733
2385
2023
2250
3301
3213
1405
2706
2722
2433
2605
233
3176
2702
2693
2763
2094
256
3697
172
3785
3821
2973
3504
2065
1963
1485
2155
449
2418
3712
144
500
3525
1476
1827
3512
1233
3196
2972
1299
1078
647
3066
466
1276
3727
788
2393
1603
2967
3551
6
229
3763
2540
2058
2334
1911
3702
2273
2013
507
1597
3480
1147
3142
556
1191
553
2774
2269
1295
224
1183
2506
236
1801
2677
2431
381
1672
1620
2059
2772
86
1658
2719
2520
1375
2530
2034
379
1373
2986
3758
3802
2533
442
2681
1429
3555
3519
1518
2403
3807
2015
317
1257
2134
2111
830
2961
1064
3755
1235
2077
2399
107
3044
2846
1552
3251
3612
2
3928
2297
1186
3284
1286
3358
3684
289
46
937
691
2443
1894
140
2426
1821
2468
2266
909
1226
3814
3099
2779
3466
2496
371
3812
1014
2473
1985
1983
3939
1972
366
1347
1969
1970
1971
1973
2107
1984
1986
891
1975
1977
1978
1979
1980
1981
1974
1976
1717
3273
1644
2338
1327
3280
159
13
1054
2344
89
494
1554
3741
1952
3155
3861
1337
3617
3159
3618
3553
3409
3484
1895
3916
3208
3274
517
886
3020
2126
1425
3004
3179
3285
2038
2718
2598
432
3654
3342
1184
1619
2106
2322
1248
1212
2186
3476
2952
561
482
1845
2349
190
832
1648
280
1459
22
521
2956
3249
1754
3557
1769
1686
1480
100
1687
1320
18
2851
3708
1779
3063
2389
3464
3932
1199
2363
718
2232
1334
2613
2091
3926
3326
2450
173
950
1950
492
2875
513
661
1031
963
901
1487
3600
829
3605
3676
735
799
1345
3930
3693
3018
2867
2789
2003
3550
2787
2517
177
188
2459
3918
1991
724
922
1009
3153
3393
3092
3307
2728
1280
1913
1305
1302
3198
3100
456
501
2750
272
326
322
290
3747
3078
3668
1498
307
3067
766
1211
2114
94
281
1279
3266
3571
538
2639
1810
448
571
341
2919
617
1365
1268
3509
2112
3270
2165
358
1693
1621
1395
1611
522
1190
3620
2252
1177
259
35
1290
282
1888
697
268
148
3045
893
2154
1522
193
184
3049
3873
2788
2150
3429
3794
2033
3694
1228
3816
3134
3808
615
3811
3469
3089
2670
900
3545
3061
3224
3911
1066
959
1935
986
2045
60
350
1422
2583
3882
3646
3317
82
2341
1450
1050
1414
1245
2124
848
2272
254
2436
2331
802
1409
630
1463
1727
3841
185
1254
279
1914
2069
1931
1934
1256
2212
1099
3629
929
2940
3929
960
1281
1938
3613
2463
2472
3197
2130
3706
3201
2819
3200
3508
1082
1161
3015
3729
3011
3634
3789
2782
3350
2857
3330
1209
2820
3296
2729
2870
2946
2079
1104
926
1944
1203
2939
2913
1416
2803
3157
9
434
1562
3005
2950
2421
2471
1797
1298
2815
344
277
973
2929
1939
3167
3112
3069
2690
1243
40
2439
321
476
1432
1093
3124
3798
2359
1187
3864
112
861
1858
2808
3438
1037
692
3439
2170
1883
3444
3889
2357
19
1920
1713
2123
1588
2430
801
577
1848
1919
1806
1359
1551
2429
3483
709
2057
8
2720
885
258
1018
609
2953
3400
1582
837
87
673
1021
2052
1474
239
1015
558
631
1707
2053
2354
1489
181
2559
2828
2162
575
1592
700
1831
1460
2036
2152
2555
2392
2971
3606
1024
2017
568
1871
84
2596
342
298
1042
1794
2384
2499
3282
417
3404
231
2879
2921
3730
978
1260
3742
3683
1178
2924
1348
1892
1762
805
3185
3513
3316
2861
2629
2734
2453
3324
3914
3826
754
2184
2701
1760
54
145
1446
2927
1231
2125
2874
3040
435
1461
1951
2084
1381
2606
2043
534
3896
3825
3615
1011
71
3946
3936
3440
2402
2405
2404
1438
849
2524
1385
3268
376
360
2642
2412
208
943
203
2040
748
1616
533
2881
2549
836
1591
393
15
2153
3521
3938
2098
932
2136
2280
2231
1860
1542
477
2899
2066
2203
2672
3354
3238
3895
1023
2099
1012
1017
455
611
1995
694
2188
2907
157
1388
1238
921
3403
2476
2401
3491
251
2645
2097
2634
2519
1999
2451
1924
2328
273
3024
2122
2149
2652
2635
3659
2532
2531
2365
2615
2665
1083
3806
3406
3062
941
892
2327
382
3919
2346
3934
1650
3125
2741
490
3726
1684
2721
1879
1063
390
1415
3518
3515
3893
3784
715
373
2561
3728
384
2990
2457
1404
1472
1662
1627
2387
1647
3211
1900
2697
2696
3426
3423
97
535
2176
1310
645
1719
1596
574
306
649
1354
194
1509
1543
1366
3416
117
3819
3182
668
129
3064
3791
1477
491
2025
1841
218
3579
3436
2827
2546
2688
2882
3824
1670
1624
3719
3783
1699
3813
549
3859
2361
3094
2181
1464
3412
351
2877
372
242
3053
3910
1111
1289
1932
3473
3538
2004
2356
3203
3
1488
3764
213
2360
1859
3328
1227
3679
3539
206
1856
2883
3766
2936
2937
946
3535
2570
1081
3405
3420
3111
3834
2420
2110
2942
2378
3135
2866
3384
3853
935
3292
760
340
3678
3430
3029
2410
227
3452
2367
423
548
1882
1726
512
426
3585
952
2669
1927
2086
3347
3846
3109
3394
2048
2041
3385
2147
3768
3433
2494
808
1020
408
257
1703
2497
2805
370
2142
798
2335
1731
3903
3718
3477
787
3007
1516
2621
1785
320
3055
2744
2859
3733
101
1112
1237
363
464
786
1783
2893
3858
1694
2594
346
2611
3117
2730
2259
3275
3625
3189
3567
1942
3077
299
314
759
171
2240
3169
2745
2482
1629
68
1541
1605
1502
1593
3103
3540
3831
3302
3581
1539
125
215
1202
1236
141
1904
2518
839
325
3908
274
3874
779
2558
1353
3219
2749
1788
2905
3036
3760
352
3422
2295
2247
3199
1367
639
2574
209
1812
3598
3724
214
1361
308
3860
670
3746
2068
2330
3823
3357
2202
3925
1273
85
602
991
83
523
2988
2022
3177
2996
1355
1255
2666
2656
3366
3922
3924
2035
3921
3705
3262
1613
948
3478
984
2014
3673
3801
3680
2659
2824
3002
99
3456
3951
659
2830
3736
2204
2210
183
1194
2488
3188
3379
1232
3720
2180
1922
3872
3470
854
3655
2512
1933
2285
2310
2351
2725
3329
3075
2970
2880
680
1572
599
3090
1132
1131
3475
3038
3559
970
669
3547
3192
3281
3250
851
2504
3425
2271
2590
42
3127
3145
1044
934
410
2372
3388
3715
2408
3391
1926
1010
3076
3144
2474
1169
2419
2364
2102
2759
3113
2428
2995
1482
205
2610
483
3128
2493
1728
2994
2801
621
388
1547
781
43
2678
613
369
1397
2168
2711
987
2024
1399
365
461
57
3115
3500
1811
4
1816
2437
182
2963
3241
3320
2689
573
3008
685
803
3711
72
1725
1465
1119
2434
3118
1896
301
753
187
271
409
2320
225
1866
1431
3457
2626
514
3150
1875
2276
1007
315
976
473
295
237
276
1468
1550
2822
1398
3628
450
27
1744
2597
170
3051
1874
3162
2829
1666
3901
1854
2654
879
1128
2026
2714
69
2889
2567
186
719
2307
414
2129
149
3947
3415
3327
996
1667
160
502
3149
3627
240
2999
3046
1317
2060
897
3086
119
2241
2151
3622
537
3688
2255
3120
2374
2587
1526
3387
520
2042
1390
3496
1632
1564
765
1016
2685
3161
3447
3870
944
2345
1085
1484
451
1076
542
1665
135
2380
3138
3187
1585
570
2630
1533
263
1664
1150
1483
3649
1180
1910
998
2425
3272
662
1051
3355
835
2607
3915
3453
3851
3857
2305
2771
3050
2839
3181
362
1401
128
77
761
3047
2938
3221
1173
927
565
3217
1929
3854
3749
2897
1508
3245
1948
988
2435
1880
2625
1943
3599
3487
1346
438
2456
405
2844
2513
3937
2840
2347
1870
248
1689
2751
2325
536
2263
3243
31
453
1363
486
3248
195
3529
2900
3761
2458
1661
1824
2373
1646
126
1241
742
841
2780
3732
2784
2120
842
3013
2651
328
1342
2781
3837
3923
2668
3017
1655
2163
3696
3572
2121
3351
2992
3840
2655
1862
2462
3021
2119
1329
2614
3933
3339
3544
755
3474
338
3146
525
2856
427
1695
3304
3514
2736
3677
1743
3286
2793
3372
3497
1058
3674
3738
2095
1499
2891
312
1123
3865
3446
122
681
3121
1332
3839
3838
3898
2812
547
336
3310
3093
3133
3132
1940
1889
627
1631
2279
355
1822
2978
3743
3225
3299
2219
2182
2817
2314
1162
3289
606
1755
1590
1515
516
1039
3338
3894
2933
2673
1428
375
2843
1941
1384
3822
3855
722
324
2175
1600
1511
2620
1651
463
635
2885
1351
424
993
997
422
2267
3183
1601
1053
2769
3318
2624
3414
3769
3662
309
49
2810
3725
291
1606
504
1362
327
332
1750
1749
580
2315
1855
419
3258
936
124
907
1008
583
2551
2475
1413
354
488
806
275
1677
2505
3158
191
2293
228
725
3276
2169
267
2965
3616
1771
2516
3709
603
294
201
459
147
3773
3672
807
3653
467
156
96
3569
3935
2483
1341
2740
3692
3843
2754
2465
2460
3637
1152
1068
3640
974
2618
106
1809
705
1758
2507
1798
2027
63
1863
1496
1003
2157
3293
3577
2074
3771
2007
2713
2568
2663
3490
407
2922
2898
132
2016
152
2848
2785
2847
1114
3832
3739
2128
3790
813
2492
3945
2275
413
637
234
743
65
174
1581
619
2582
3048
747
2884
3912
519
458
1328
2911
3892
2481
406
2201
3214
1936
1000
1857
1312
331
1421
2448
2379
2667
3345
2103
809
2286
387
3014
3710
626
2306
881
93
810
3774
1382
2296
3459
1807
3950
3010
121
1412
462
2031
2051
2050
1602
1837
2498
2609
3795
3920
1893
2586
305
880
1475
444
2388
2446
436
3054
37
665
2585
1656
2062
2056
2131
1844
1417
3445
2896
1903
1410
505
3392
2381
2382
3287
2158
3737
2894
217
1899
2495
2800
762
3632
2738
472
495
2928
1609
2748
3401
155
1336
956
3370
3139
3314
1867
3434
2075
3137
3593
2491
3759
3235
1791
1406
3222
469
1549
1571
80
2164
2461
3454
3731
3587
1389
2753
3106
2037
3520
3428
3025
2055
990
964
2339
3610
917
544
1004
204
667
304
487
2862
3389
3590
2674
2704
2873
136
3232
3849
3449
3714
78
1657
2902
1330
1623
2073
1525
1473
23
1752
2773
3626
3531
211
202
1117
385
167
2577
2593
2760
3803
116
137
2397
2733
2415
3716
3877
2790
3575
2864
2837
1696
178
1612
2849
2756
3776
831
3830
3799
888
3670
1126
2290
1780
2061
2187
2185
2579
1598
875
1626
2778
640
61
3835
3564
3570
1881
1493
2675
1151
3306
496
2767
2205
2417
734
2215
3239
1793
958
3431
3141
3886
3695
3643
1445
1113
2445
3165
2479
12
2979
876
1681
2807
2196
3240
270
1583
3805
2876
343
3562
55
3371
2104
347
2244
2092
1456
737
3913
3880
2049
3734
2691
3537
3319
3568
3754
2842
2538
2813
1642
3781
2637
3909
2362
503
3223
2904
850
3402
3218
3333
2981
792
2535
3875
3800
3346
166
3900
3850
2521
863
1002
1056
1987
220
2113
2865
3862
335
3073
1992
2548
2515
452
3154
3792
2934
255
2552
3043
1679
1102
394
479
418
2008
3325
1154
1153
2727
746
2925
702
1494
2284
3368
2422
3602
2806
3171
1067
79
3482
2522
2536
1005
2260
3126
498
695
2237
1865
1898
2627
108
2643
1767
612
3597
3765
2192
3796
59
2545
1669
3902
3611
1595
1864
1369
2653
3833
1149
3140
189
1163
1087
210
3492
1925
3810
3511
415
518
867
374
1453
102
3309
598
563
1570
2063
2825
758
1504
1116
2503
2557
2705
245
264
729
283
682
2850
3636
53
3122
925
2511
2998
862
1902
484
711
1906
1804
1454
600
146
828
1829
3619
3847
833
2798
540
1352
3532
1423
3335
3486
967
2044
638
1006
1604
712
1038
2869
1458
1846
3657
1507
64
1692
980
2400
2562
1168
3931
3205
445
2283
1741
3056
1026
1861
3143
401
870
2227
389
2221
2211
2209
2177
1471
3131
632
3884
3867
1144
1850
447
864
2892
776
633
1164
3349
2758
3845
1575
3756
3885
219
3294
3305
1503
767
238
3883
3380
1814
241
2440
3419
3888
751
2632
3645
823
2441
1671
844
2500
2317
3427
716
869
443
2523
2977
2831
2509
2242
1877
2525
528
1565
20
2101
3782
391
2526
3817
3311
853
1556
2974
1349
3669
2835
1746
3517
2984
3601
3906
2775
278
1993
2514
38
433
397
3940
877
962
1887
882
3085
2342
1167
1998
2923
2197
3331
3586
2602
710
782
1839
1685
1444
704
2487
1872
3944
3410
687
2886
3130
1928
2768
796
3775
2868
3641
1437
656
3689
3691
2537
2962
2566
1138
392
1174
1426
2032
1447
3523
2737
1534
3757
3216
2589
1659
1773
2964
2264
2464
2755
3277
2578
3780
3588
1497
1796
1869
1652
1420
2786
1996
1825
2816
169
3190
297
706
478
489
3721
2281
2257
3395
1988
2878
1326
359
386
696
567
2444
1770
811
2743
398
113
989
769
3136
3184
3580
3343
3288
2179
1739
840
2207
2809
3367
2679
1440
2304
2477
3058
966
2299
33
3942
1523
3878
92
2799
1520
3283
1313
1105
564
3663
3664
3665
560
2903
2156
3012
250
3116
139
1439
972
939
3595
3465
1878
1915
103
2292
437
460
90
815
2945
559
1990
3941
3042
526
3207
2383
3041
1817
1851
3866
3322
1830
2931
3881
1427
2777
3495
1787
566
3767
416
1890
1455
1886
2368
1495
1826
2350
3804
470
1490
1675
1470
2190
1668
981
2955
3644
3642
554
652
3848
114
2386
2569
2047
1901
3344
3777
3242
3381
3003
860
2466
3031
2833
3303
3818
2510
3820
287
623
2223
1599
3233
1531
2776
985
3172
2358
1055
1501
3065
1139
2127
2823
2834
131
1561
411
732
1121
3533
3180
3432
2326
572
3905
2783
757
2715
2636
66
2853
1574
430
510
3437
2256
197
1486
396
1323
992
3413
1316
1519
878
3648
2811
3797
56
2452
3603
1181
3442
775
731
2658
3378
664
1436
557
3164
310
1930
1832
439
2854
2930
756
134
1567
1553
1514
1040
1853
2914
2480
1842
1782
2309
887
3084
3609
618
3748
3353
624
820
3778
2960
2332
404
749
3652
2172
3382
2246
3530
2695
3522
75
578
1636
2258
1071
2543
3390
3607
3026
3374
2909
1434
2198
3443
